0000 0000 0000 0000
0010 0000 0010 0016
0020 0000 0010 0016
0030 0000 0010 0016
0040 0000 0010 0016
0050 0000 0010 0016
0060 0000 0010 0016
0070 0000 0010 0016
0080 0000 0010 0016
0090 0000 0000 0000
0100 0000 0000 0000
0110 0000 0010 0016
0120 0000 0010 0016
0130 0000 0000 0000
0140 0000 0010 0016
0150 0000 0010 0016
0000 0016 0010 0016
0010 0016 0010 0016
0020 0016 0010 0016
0030 0016 0010 0016
0040 0016 0010 0016
0050 0016 0010 0016
0060 0016 0010 0016
0070 0016 0010 0016
0080 0016 0010 0016
0090 0016 0010 0016
0100 0016 0010 0016
0110 0016 0010 0016
0120 0016 0010 0016
0130 0016 0010 0016
0140 0016 0010 0016
0150 0016 0010 0016
0000 0032 0010 0016
0010 0032 0003 0016
0020 0032 0006 0016
0030 0032 0010 0016
0040 0032 0010 0016
0050 0032 0010 0016
0060 0032 0010 0016
0070 0032 0003 0016
0080 0032 0005 0016
0090 0032 0005 0016
0100 0032 0010 0016
0110 0032 0010 0016
0120 0032 0003 0016
0130 0032 0006 0016
0140 0032 0003 0016
0150 0032 0010 0016
0000 0048 0010 0016
0010 0048 0005 0016
0020 0048 0010 0016
0030 0048 0010 0016
0040 0048 0010 0016
0050 0048 0010 0016
0060 0048 0010 0016
0070 0048 0010 0016
0080 0048 0010 0016
0090 0048 0010 0016
0100 0048 0003 0016
0110 0048 0003 0016
0120 0048 0006 0016
0130 0048 0010 0016
0140 0048 0006 0016
0150 0048 0010 0016
0000 0064 0010 0016
0010 0064 0010 0016
0020 0064 0010 0016
0030 0064 0010 0016
0040 0064 0010 0016
0050 0064 0010 0016
0060 0064 0010 0016
0070 0064 0010 0016
0080 0064 0010 0016
0090 0064 0010 0016
0100 0064 0010 0016
0110 0064 0010 0016
0120 0064 0010 0016
0130 0064 0010 0016
0140 0064 0010 0016
0150 0064 0010 0016
0000 0080 0010 0016
0010 0080 0010 0016
0020 0080 0010 0016
0030 0080 0010 0016
0040 0080 0010 0016
0050 0080 0010 0016
0060 0080 0010 0016
0070 0080 0010 0016
0080 0080 0010 0016
0090 0080 0010 0016
0100 0080 0010 0016
0110 0080 0005 0016
0120 0080 0010 0016
0130 0080 0005 0016
0140 0080 0006 0016
0150 0080 0010 0016
0000 0096 0003 0016
0010 0096 0010 0016
0020 0096 0010 0016
0030 0096 0010 0016
0040 0096 0010 0016
0050 0096 0010 0016
0060 0096 0010 0016
0070 0096 0010 0016
0080 0096 0010 0016
0090 0096 0003 0016
0100 0096 0010 0016
0110 0096 0010 0016
0120 0096 0010 0016
0130 0096 0010 0016
0140 0096 0010 0016
0150 0096 0010 0016
0000 0112 0010 0016
0010 0112 0010 0016
0020 0112 0010 0016
0030 0112 0010 0016
0040 0112 0010 0016
0050 0112 0010 0016
0060 0112 0010 0016
0070 0112 0010 0016
0080 0112 0010 0016
0090 0112 0010 0016
0100 0112 0010 0016
0110 0112 0006 0016
0120 0112 0003 0016
0130 0112 0006 0016
0140 0112 0010 0016
0150 0112 0010 0016
0000 0128 0010 0016
0010 0128 0010 0016
0020 0128 0010 0016
0030 0128 0010 0016
0040 0128 0010 0016
0050 0128 0010 0016
0060 0128 0010 0016
0070 0128 0010 0016
0080 0128 0010 0016
0090 0128 0010 0016
0100 0128 0010 0016
0110 0128 0010 0016
0120 0128 0010 0016
0130 0128 0010 0016
0140 0128 0010 0016
0150 0128 0010 0016
0000 0144 0010 0016
0010 0144 0010 0016
0020 0144 0010 0016
0030 0144 0010 0016
0040 0144 0010 0016
0050 0144 0010 0016
0060 0144 0010 0016
0070 0144 0010 0016
0080 0144 0010 0016
0090 0144 0010 0016
0100 0144 0010 0016
0110 0144 0010 0016
0120 0144 0010 0016
0130 0144 0010 0016
0140 0144 0010 0016
0150 0144 0010 0016
0000 0160 0010 0016
0010 0160 0003 0016
0020 0160 0010 0016
0030 0160 0010 0016
0040 0160 0010 0016
0050 0160 0010 0016
0060 0160 0003 0016
0070 0160 0010 0016
0080 0160 0010 0016
0090 0160 0010 0016
0100 0160 0005 0016
0110 0160 0010 0016
0120 0160 0010 0016
0130 0160 0010 0016
0140 0160 0010 0016
0150 0160 0010 0016
0000 0176 0006 0016
0010 0176 0010 0016
0020 0176 0006 0016
0030 0176 0006 0016
0040 0176 0005 0016
0050 0176 0010 0016
0060 0176 0010 0016
0070 0176 0006 0016
0080 0176 0005 0016
0090 0176 0005 0016
0100 0176 0006 0016
0110 0176 0010 0016
0120 0176 0010 0016
0130 0176 0010 0016
0140 0176 0010 0016
0150 0176 0010 0016
0000 0192 0010 0016
0010 0192 0010 0016
0020 0192 0010 0016
0030 0192 0010 0016
0040 0192 0010 0016
0050 0192 0010 0016
0060 0192 0010 0016
0070 0192 0010 0016
0080 0192 0010 0016
0090 0192 0010 0016
0100 0192 0010 0016
0110 0192 0010 0016
0120 0192 0010 0016
0130 0192 0010 0016
0140 0192 0010 0016
0150 0192 0010 0016
0000 0208 0010 0016
0010 0208 0010 0016
0020 0208 0010 0016
0030 0208 0010 0016
0040 0208 0010 0016
0050 0208 0010 0016
0060 0208 0010 0016
0070 0208 0006 0016
0080 0208 0010 0016
0090 0208 0010 0016
0100 0208 0010 0016
0110 0208 0010 0016
0120 0208 0010 0016
0130 0208 0010 0016
0140 0208 0010 0016
0150 0208 0010 0016
0000 0224 0010 0016
0010 0224 0010 0016
0020 0224 0010 0016
0030 0224 0010 0016
0040 0224 0010 0016
0050 0224 0010 0016
0060 0224 0010 0016
0070 0224 0010 0016
0080 0224 0010 0016
0090 0224 0010 0016
0100 0224 0010 0016
0110 0224 0010 0016
0120 0224 0005 0016
0130 0224 0005 0016
0140 0224 0006 0016
0150 0224 0006 0016
0000 0240 0010 0016
0010 0240 0010 0016
0020 0240 0010 0016
0030 0240 0010 0016
0040 0240 0010 0016
0050 0240 0010 0016
0060 0240 0010 0016
0070 0240 0006 0016
0080 0240 0010 0016
0090 0240 0010 0016
0100 0240 0010 0016
0110 0240 0010 0016
0120 0240 0010 0016
0130 0240 0010 0016
0140 0240 0010 0016
0150 0240 0010 0001
